time=1585537240.243918, counter=1
gps_position=120.3303510,30.2170988
