time=1586920512.958241, counter=1
gps_position=120.2980029,30.2219091
