time=1585114139.921940, counter=1
gps_position=150.1495296,101.9585126
