time=1585114314.438253, counter=1
gps_position=120.3300566,30.2169587
