time=1589605523.345457, counter=1
gps_position=120.2711294,30.2259756
