time=1589605752.440878, counter=1
gps_position=120.2640945,30.2264358
