time=1585552372.594419, counter=1
gps_position=120.3300567,30.2169587
