time=1586848463.331735, counter=1
gps_position=120.3162120,30.2191802
