time=1586935741.233849, counter=1
gps_position=120.3190504,30.2187530
