time=1585815470.477052, counter=1
gps_position=120.3196852,30.2186592
