time=1585902265.60971, counter=1
gps_position=120.3202815,30.2185707
