time=1586077236.318417, counter=1
gps_position=120.3159582,30.2192197
