time=1589971041.364320, counter=1
gps_position=120.3203034,30.2185673
