time=1586826656.353621, counter=1
gps_position=120.3198281,30.2186386
